9949114896385461928583492348216385410191468105103105671011141164432731109946495948576385431950681051031056710111411632841141171151161011003271523282836552485754328372
6550535432841051091018311697109112105110103326765483023135050485750494848484848489023135151494950495051535753579048704911489638546192858349174815638541019868105
103105671011141164936483463854319276810510310567101114116328410510910111511697109112325048505032453250481302344813694213472134247131115031302150481302102130210207236165
385819816924210718714119313154219161232201331165126381722082885303054109188146851297244157911961211508471071001642536131222151451465628492150251114177151588517551236971382331664021914499921891378322458
45140135661743816422818712012018512222225861981921861008318742222318072187136105121361982411902244712559177202831416413130231203114734030761283013386231133237242971881705871252461711102291022212269224547237141212
77149132104227128203106121209210161457041235623824218014020576185102200187170805613229140148932590191245123641101112216815415614971134133121621294102140261036190156170210156182247791101201964063163281580655186
821753166181302181208829572322487614516150126772252211941731651262484527312364370241632524657247245193791134613731716275187152191250792281235423966822885255542342291244923124319482196230221239012616537115
21919210615333459922989245774714431391832101712022956102135818107251836757208100250862072242441023020109100120187152253148195115332434719446322151291722112417212225189217937511049148411392306516410114819288229
229464114416618397100250217321082481961861661291593783241191592331717141067579825201214133127192171411212079819723622512318520410319715419312023719813620017611050121199118913114119823824544124123142203100137241
1771961842318394958521012525418937825093234691152813212621520622621258119231011631301139481301135481463852915112554432712848126385291911255424804822638529371
1255412481068436155738483263852932425482348866103129121424811699613472113425310871483163852935424482212820186222171097713347115411181544711714010632143
158200111482963852914422420981382222089725214349202371511120561421482022382156489063852931483488148791607716075134731041161161125847479911410851461001051031059910111411646991111094768105
1031056710111411684114117115116101100715282836552485754837265505354841051091018311697109112105110103676546991141084812914468436155711412913148129128483668436155748113424104
11611611258474711199115112461001051031059910111411646991111094888684361557482134761041161161125847479997991011141161154610010510310599101114116469911110947681051031056710111411684114117115116101100
7152828365524857548372655053548410510910183116971091121051101036765469911411648136942134721342471311115031302108517042262437024312087554825211722779214133352412522491495715537230247
1141381521951192121002522125154194738144120136998597057025210521220215541251163631922010155192917615213722012024220512413320583157175982269710216320426913574152664380252271811588489250228452159137121249
923013620612527184106162155193839692321631841572151733128184236152652402461412825122825522315716167235018695741432658821802341919732153548915415842101782712712694917311884138116109202210510343118235255152
1783814956251366820229108916210723134626833210632819215523712472178216146121457960102148175932832351582261582282113113411001560194233901161171361225121136191281151201253512821554909515022177991219870
645920693532128962671542417419520120319525115519951061811992242435195892233998432226520183185255521610324638501521232549266148129148130157172101391987521742111521446996511282243522224831642466971229206184
36671232655411311917325316223215111678462183029140902003015421319424019834168791551892162815481196471542469516739151186150461338719296231120861271062391941491547517220013015620126512418611318178122153108244232
15821290152200159191141187249267245208422322269823812042191892092519110168112126240151132120227839371449916837561511210635821822922924623015522012644204255237677016221621411418413923823022411485137443925
97246119114048130617448130415016032122167545518336841242167117225340102429491481369421347213424713111150489849114896385461928583492148196385410191268105103
10567101114116327311099492548236385411191611911911946100105103105991011141164699111109493348316385431924681051031056710111411632841141171151161011003282111111116327152483023135050485150
51484848484848902313515548515050505153575357904899491148963854619285834923482163854101914681051031056710111411644327311099464959485763854319506810510310567101
11411632841141171151161011003271523282836552485754328372655053543284105109101831169710911210511010332676548130234481369421347213424713111503130215048130210213021019813453
673179193611147381851993731962421455516915181161214210131209158761621091601762041312499024617161682166951641362431042501252431561371112715731158155131801911381151501092488716821252536718013221817241115177179
23843128132138342422323521861196231271712543626622010314223481612402148621223140452352111771811172313161011411484121121723610522321714413570012321968651372201241068712224055121159931722032321321001808224211871247
971312522195180841133104110553318764172951782227412520624557181032391416599108228166197292055413922132302716819310011664167192114197186783117718188771212542151431151471724457226165722142401764919169874115039
46245135166143781182185381121523812716026713267227679912812311711039371441525856171792462461582305991236129222342021713042199146191160222227621621152502313190108148242821491743881166440171115672062237416128
1075619741243202170150115661041591827017915758163213322419124016260202662202472127205220721076171239155612541418410042250117403665237661915156102738280244812435473771393221044875312143168243699618835141
88247220972221472545719224917848165762152331527488622113136254179143211947511818811472011401259911383416819338824920161831259535187100227992241662256224619411617863309118236171937011722696163889140
0141328423820623393200944818189701581812111181852101410715312210511802051772310116313019348130189481863852919112554848611255210482963852914422420186222171097713347
115411181544711714010632143158200111483163852935424482212820236215227130210113931007622346103632311861521742815794814638529151125544321134481963852937412481068436155
738481196843615571141074810548366843615574811342410411611611258474711199115112461001051031059910111411646991111094865684361557482134531041161161125847479997
99101114116115461001051031059910111411646991111094768105103105671011141168411411711511610110082111111116715246991141164867638529314604858485616054160521345010411611611258474799114108514610010510310599
10111411646991111094768105103105671011141168411411711511610110082111111116715246991141084832638529324254823488661031291214248116996134721134253108714813694213472134247131111
50313021012589142192147182111152169683411261022142163366225176244616771920748832061912425119980932267541251112138131704110525210519320729723362962002161122992912151091352501323237524910320518218
15011119680769829128130168221891698620721115141134372061491056371119251114116202152551717913844122171133205679523796182170791451021584415822413817222925314018810038135108146189157124208112101242391681881177918690
24716916178932332554084137240213138113118101218204240114163352501923913068174153392717136303819318322242235246158177121153129163861341711069201223196141160231152251251166157114175196199193193106113217198191289196182159205
1351353618779163731851191021452411141562337528216755126147831725929873151482055712222125537991533944616310716724110219565205791826415533336420818319362052202912058228158173229521131462153810722856115171166
179189635912017376173251196149123237109551571356512012256233156225221352532940211199249232241152952514321612624270157117443039443821911121123302513954184147212230242231538920211224055191152022332227939251
961032216110218622185192584113417615216043237149651835821321152491809891510189129217192541911642092438721718842501302225022341372400205931942492083512701122811823821724010111866166411359714323012726164
1331525215215024685844331128250192242144322921425116947682174231191429219555626161432462372141242524813051414813041171603212216141552414224920845231239219802268642490481369421347213424713
1112504810149114896385461928583492148196385410191268105103105671011141163273110994925482363854111916119119119461001051031059910111411646991111094936483463854319
276810510310567101114116326511511511711410110032736832821111111163267654830231350504856484948484848484890231351494949485750515357535790489849114896385461928583492148196
38541019126810510310567101114116327311099492548236385411191611911911946100105103105991011141164699111109493348316385431924681051031056710111411632841141171151161011003282111111116327152
48130234481369421347213424713111503130215048130210213021019123014411510422218722893746048344810551236194167374620133612421382168919422541167618817111815420517412327132131964831243
271645622235861981511092917117812124220217210228952145608215823119815821165126190159169872289851141751041471121941781861171531061155014820916681646223130243713223011659109113226451227238322132013229994145
206236947820014724833971555223551989423691261882352012072051725264951771221022381192007216810287871598488142124318379167482178623820212393227173201799422953231492032181479422014214312821818214515264144121195120
19918217719618110624563161412162125516446512513624513062161451121718513065502152194115421101451124337621218817427311793120102217584968154516419182159073164194230169160103221164391881617957181178823247
36927014310024719310513611815211861899366118135137151105122722402241621827102154116202222753023114991742302122391461465815861220022869371371821546825431261921481802109710923551217197223754020412528149195143247
331781781718318712724221314011244659617017799246814926118981262461281762512321001665120913772251891832306716424184166119122515148123329178844137137108229148281711161903817218265117222122172951416320118821165
171891229168023549197202114223492231247611763992363395196328110711117717113413979194214699515732252161301971921431621771261038153245228105471522945245217169178292292723101163130158481301544815
638529191125545483112554829638529144224202362152271302101139310076223461036323118615217428157948316385293542448221282069235162175244146203130494581139167167331572431092001548
1463852915112554432113448121684361557114109481074836684361557481134241041161161125847471119911511246100105103105991011141164699111109486768436155748
21345510411611611258474799979910111411611546100105103105991011141164699111109476810510310567101114116651151151171141011007368821111111166765469911411648696385293146248604858160561605413452104116116
112584747991141085146100105103105991011141164699111109476810510310567101114116651151151171141011007368821111111166765469911410848176385293241048848664852932048136942134721342471311
125031301101121601916792852315695160163116276118222215247191877189154172161135442361339416926187342481352610584342371641361191091892620244197412247451835623924425512818524816124724211422236188823200
782084222225045862072492442471724812215413917894212207209676815567332351501141617218015320315779167631911939682122311272328916824019147111662332425260236247319913516821076642553701061058417618416186142236164
2136123217722025328216244119909284140111239161806125211891041321591112022193214153962823203321761728816014649919715234193178892458510720739171108118206111354524412611310635107342551818484453912621658217240
18213515025391209921722419577159115183116915987170944022618514849130311848130311421148119489949114896385461928583492348216385410191468105103105671011141164432731109946495948
5763854319506810510310567101114116328411411711511610110032715232828365524857543283726550535432841051091018311697109112105110103326765216127710511475148250604274614171286190481369
961347211013421501601292094826694213472134247131934913611421347213424713191614482869421347213424713195491523135051485648525050485152559048436114213472134
247131916212492848264824482242024313534771345113014653169148188189143150233254281241154847694213472134247131944934432301805741147159107118297235163185691771027181248321541941652074103
120236111125102121485561142134721342471319162474940483848364834432199244225190504013732171226385819026196252792301202845100208761281178716035181182250481369421347213424713111504130
2013897718549741491996419733771744424417690122630124853120221815583132015963206984211325395169138136291822535723520224813416413755238156230249188134763829511371861993323332362172371682092131004212761175
1552164976219532117412811219523316268150491118321021112014189129366319613722331442361694412016015811910791977810176227691864116205115298145156581861724195212615167134172126101578756137221771154934163337
61883761761491724812220412716418223822421573108612619220910923514217145244437721124919373207882341506721125161443312845215223127158601172076717215210013220651132499312420113348143230105186238111152149951224927117
120143191601131423624934167491241895515438465814718825341604010102491781802261342052451315298100170113491861966031182405211631402239414414916421318207252171321011618445226382051782152154250195109759196251
2810314173133154194203991151241971922547262131462221551117229161186922127018518149136176810328405020939186111191441411264442162063613204120020117782159104254944381123352052533317016732261831706016533162161
224801795422866718814426473531225236140541617525253145226135187210120371782272011468892143174120113150872302817639542250248111248193411674520772821606015115615816719124822420817823417814879672458413121150242
1261388219280491027512070153255126315311813219719752158217124693510010712821791401019123300000049465146544649465246494651494946504652464900020637000000104132040000
4813037202694213472134247131721601303718748130371832114915481369961347211013421504892610436141130552141607848764823610436141130552115489310
1604162212804849481369961347211013421504324882372255110948531522452212352111617122186128198129568016465199120165120130151927160130118948130511248130488160321221951000
2452321195932107282059700000245481369421347213424713111150481291424911489638546192858349194817638548191087971151041051101031161111104916481463854719782101
100109111110100493048286385410192177105991141111151111021163267111114112111114971161051111104956485463854319477710599114111115111102116328710511010011111911532841041051141003280971141161213267111
1091121111101011101163267653250484950483023135051484949504957495253509023135051495049534957495253509048129145491148963854619285834919481763854819108797115104105110
10311611111049164814638547197821011001091111101004930482863854101921771059911411111511110211632671111141121111149711610511111049594857638543195077105991141111151111021163287105110100111
1191153272971141001199711410132671111091129711610598105108105116121328011798108105115104101114481301344813694213472134247131115031301150481301102130110184184129291692361946875108170191
8615216613611641852361506982044414115419716214416152213147916310733182541542269216418708219277236203252242175562067917010324018548159164205238109131551752414759237762242111151721422519851401265157242124170164250
